80 1719321829489055582 1719321829499078570 Kernel 1719321829489055582 1719321829499167427 Userspace 88857
85 1719321829495216995 1719321829505240233 Kernel 1719321829495216995 1719321829505307520 Userspace 67287
240 1719321829684327543 1719321829694360209 Kernel 1719321829684327543 1719321829694469795 Userspace 109586
361 1719321829833344826 1719321829843370128 Kernel 1719321829833344826 1719321829843498770 Userspace 128642
364 1719321829837347567 1719321829847373250 Kernel 1719321829837347567 1719321829847645673 Userspace 272423
234 1719321829677031786 1719321829687057770 Kernel 1719321829677031786 1719321829687109076 Userspace 51306
470 1719321829966826018 1719321829976846682 Kernel 1719321829966826018 1719321829976915832 Userspace 69150
10 1719321829402682673 1719321829412721892 Kernel 1719321829402682673 1719321829412791863 Userspace 69971
50 1719321829451833219 1719321829461860275 Kernel 1719321829451833219 1719321829461946998 Userspace 86723
131 1719321829551055755 1719321829561085104 Kernel 1719321829551055755 1719321829561195121 Userspace 110017
156 1719321829581914835 1719321829591945217 Kernel 1719321829581914835 1719321829592037090 Userspace 91873
386 1719321829864165735 1719321829874189755 Kernel 1719321829864165735 1719321829874299942 Userspace 110187
402 1719321829883671565 1719321829893714991 Kernel 1719321829883671565 1719321829893832202 Userspace 117211
490 1719321829992581717 1719321830002610226 Kernel 1719321829992581717 1719321830002664398 Userspace 54172
22 1719321829417434508 1719321829427452878 Kernel 1719321829417434508 1719321829427608631 Userspace 155753
174 1719321829603905400 1719321829613925152 Kernel 1719321829603905400 1719321829613998149 Userspace 72997
197 1719321829631653187 1719321829641676165 Kernel 1719321829631653187 1719321829641749463 Userspace 73298
297 1719321829755381008 1719321829765404307 Kernel 1719321829755381008 1719321829765767150 Userspace 362843
49 1719321829450687253 1719321829460714459 Kernel 1719321829450687253 1719321829460826801 Userspace 112342
462 1719321829956978580 1719321829967006708 Kernel 1719321829956978580 1719321829967144798 Userspace 138090
9 1719321829401596740 1719321829411626661 Kernel 1719321829401596740 1719321829411722732 Userspace 96071
140 1719321829562311231 1719321829572343367 Kernel 1719321829562311231 1719321829572408319 Userspace 64952
382 1719321829859369471 1719321829869391818 Kernel 1719321829859369471 1719321829869475856 Userspace 84038
41 1719321829441114682 1719321829451140355 Kernel 1719321829441114682 1719321829451241125 Userspace 100770
63 1719321829468251950 1719321829478279658 Kernel 1719321829468251950 1719321829478399032 Userspace 119374
337 1719321829803872264 1719321829813900572 Kernel 1719321829803872264 1719321829814017622 Userspace 117050
75 1719321829482898959 1719321829492925504 Kernel 1719321829482898959 1719321829493001236 Userspace 75732
137 1719321829558305084 1719321829568332550 Kernel 1719321829558305084 1719321829568430194 Userspace 97644
194 1719321829628309286 1719321829638330741 Kernel 1719321829628309286 1719321829638456538 Userspace 125797
212 1719321829650351037 1719321829660374846 Kernel 1719321829650351037 1719321829660433036 Userspace 58190
354 1719321829824878507 1719321829834905703 Kernel 1719321829824878507 1719321829834985363 Userspace 79660
389 1719321829867867049 1719321829877892742 Kernel 1719321829867867049 1719321829877985006 Userspace 92264
86 1719321829496323456 1719321829506344120 Kernel 1719321829496323456 1719321829506437947 Userspace 93827
119 1719321829536398587 1719321829546425603 Kernel 1719321829536398587 1719321829546541321 Userspace 115718
186 1719321829618491433 1719321829628518960 Kernel 1719321829618491433 1719321829628574244 Userspace 55284
191 1719321829624277360 1719321829634305568 Kernel 1719321829624277360 1719321829634414232 Userspace 108664
29 1719321829426429022 1719321829436450227 Kernel 1719321829426429022 1719321829436508416 Userspace 58189
255 1719321829702754883 1719321829712783051 Kernel 1719321829702754883 1719321829712886286 Userspace 103235
325 1719321829789210849 1719321829799242213 Kernel 1719321829789210849 1719321829799346389 Userspace 104176
261 1719321829710140249 1719321829720165131 Kernel 1719321829710140249 1719321829720271210 Userspace 106079
265 1719321829714661586 1719321829724688311 Kernel 1719321829714661586 1719321829724808286 Userspace 119975
267 1719321829717484758 1719321829727517624 Kernel 1719321829717484758 1719321829727911605 Userspace 393981
479 1719321829979047473 1719321829989079398 Kernel 1719321829979047473 1719321829989175208 Userspace 95810
443 1719321829933800161 1719321829943825524 Kernel 1719321829933800161 1719321829943925592 Userspace 100068
468 1719321829964340292 1719321829974363550 Kernel 1719321829964340292 1719321829974463228 Userspace 99678
206 1719321829643009944 1719321829653040497 Kernel 1719321829643009944 1719321829653120928 Userspace 80431
293 1719321829750226811 1719321829760253957 Kernel 1719321829750226811 1719321829760345078 Userspace 91121
370 1719321829844649776 1719321829854670320 Kernel 1719321829844649776 1719321829854736053 Userspace 65733
403 1719321829884784769 1719321829894822675 Kernel 1719321829884784769 1719321829894904269 Userspace 81594
31 1719321829428680768 1719321829438704818 Kernel 1719321829428680768 1719321829438784448 Userspace 79630
247 1719321829692797429 1719321829702829684 Kernel 1719321829692797429 1719321829702932898 Userspace 103214
329 1719321829794304302 1719321829804334564 Kernel 1719321829794304302 1719321829804424343 Userspace 89779
435 1719321829923880146 1719321829933912252 Kernel 1719321829923880146 1719321829934055872 Userspace 143620
489 1719321829990907457 1719321830000923663 Kernel 1719321829990907457 1719321830001039170 Userspace 115507
68 1719321829474457105 1719321829484474994 Kernel 1719321829474457105 1719321829484589890 Userspace 114896
227 1719321829668366803 1719321829678389691 Kernel 1719321829668366803 1719321829678525486 Userspace 135795
390 1719321829868988449 1719321829879026345 Kernel 1719321829868988449 1719321829879162351 Userspace 136006
408 1719321829890989002 1719321829901011680 Kernel 1719321829890989002 1719321829901103823 Userspace 92143
214 1719321829652625927 1719321829662647242 Kernel 1719321829652625927 1719321829662738614 Userspace 91372
287 1719321829742917148 1719321829752942721 Kernel 1719321829742917148 1719321829753021609 Userspace 78888
127 1719321829546518167 1719321829556550182 Kernel 1719321829546518167 1719321829556650851 Userspace 100669
158 1719321829584306906 1719321829594329283 Kernel 1719321829584306906 1719321829594422168 Userspace 92885
219 1719321829658760750 1719321829668784479 Kernel 1719321829658760750 1719321829668911838 Userspace 127359
380 1719321829856847997 1719321829866877256 Kernel 1719321829856847997 1719321829866971514 Userspace 94258
249 1719321829695413210 1719321829705446107 Kernel 1719321829695413210 1719321829705583435 Userspace 137328
253 1719321829700109937 1719321829710128347 Kernel 1719321829700109937 1719321829710210962 Userspace 82615
315 1719321829777404175 1719321829787436029 Kernel 1719321829777404175 1719321829787566244 Userspace 130215
439 1719321829928685227 1719321829938708125 Kernel 1719321829928685227 1719321829938775101 Userspace 66976
178 1719321829608556802 1719321829618576183 Kernel 1719321829608556802 1719321829618667665 Userspace 91482
499 1719321830003301576 1719321830013323332 Kernel 1719321830003301576 1719321830013423290 Userspace 99958
182 1719321829613754290 1719321829623778060 Kernel 1719321829613754290 1719321829623852480 Userspace 74420
289 1719321829745117468 1719321829755146477 Kernel 1719321829745117468 1719321829755257426 Userspace 110949
344 1719321829812993475 1719321829823019519 Kernel 1719321829812993475 1719321829823095332 Userspace 75813
467 1719321829963230403 1719321829973259273 Kernel 1719321829963230403 1719321829973401761 Userspace 142488
368 1719321829842172255 1719321829852191245 Kernel 1719321829842172255 1719321829852263181 Userspace 71936
152 1719321829577004507 1719321829587025340 Kernel 1719321829577004507 1719321829587094320 Userspace 68980
170 1719321829598932043 1719321829608958357 Kernel 1719321829598932043 1719321829609072182 Userspace 113825
193 1719321829626885066 1719321829636904989 Kernel 1719321829626885066 1719321829636999977 Userspace 94988
218 1719321829657651142 1719321829667672707 Kernel 1719321829657651142 1719321829667754461 Userspace 81754
12 1719321829405662690 1719321829415691118 Kernel 1719321829405662690 1719321829415792739 Userspace 101621
350 1719321829820329528 1719321829830354871 Kernel 1719321829820329528 1719321829830445281 Userspace 90410
363 1719321829835992517 1719321829846014844 Kernel 1719321829835992517 1719321829846096909 Userspace 82065
450 1719321829942297058 1719321829952317941 Kernel 1719321829942297058 1719321829952444690 Userspace 126749
397 1719321829877413671 1719321829887442771 Kernel 1719321829877413671 1719321829887663265 Userspace 220494
399 1719321829880006199 1719321829890038995 Kernel 1719321829880006199 1719321829890186903 Userspace 147908
37 1719321829436012583 1719321829446041552 Kernel 1719321829436012583 1719321829446158242 Userspace 116690
148 1719321829571833137 1719321829581853791 Kernel 1719321829571833137 1719321829581942127 Userspace 88336
242 1719321829686946581 1719321829696979717 Kernel 1719321829686946581 1719321829697084124 Userspace 104407
341 1719321829809072338 1719321829819106717 Kernel 1719321829809072338 1719321829819292527 Userspace 185810
418 1719321829903281430 1719321829913318806 Kernel 1719321829903281430 1719321829913428212 Userspace 109406
14 1719321829407818827 1719321829417859508 Kernel 1719321829407818827 1719321829417923118 Userspace 63610
332 1719321829798300952 1719321829808326124 Kernel 1719321829798300952 1719321829808473561 Userspace 147437
373 1719321829848017442 1719321829858043136 Kernel 1719321829848017442 1719321829858135069 Userspace 91933
407 1719321829889787161 1719321829899806222 Kernel 1719321829889787161 1719321829899891262 Userspace 85040
279 1719321829733319109 1719321829743343100 Kernel 1719321829733319109 1719321829743437848 Userspace 94748
355 1719321829825978567 1719321829836008898 Kernel 1719321829825978567 1719321829836101853 Userspace 92955
422 1719321829908136816 1719321829918162739 Kernel 1719321829908136816 1719321829918285851 Userspace 123112
60 1719321829464199136 1719321829474234867 Kernel 1719321829464199136 1719321829474394047 Userspace 159180
94 1719321829506066618 1719321829516087883 Kernel 1719321829506066618 1719321829516173755 Userspace 85872
118 1719321829535310520 1719321829545349188 Kernel 1719321829535310520 1719321829545482819 Userspace 133631
203 1719321829639023274 1719321829649048306 Kernel 1719321829639023274 1719321829649131091 Userspace 82785
461 1719321829955861759 1719321829965884958 Kernel 1719321829955861759 1719321829965984966 Userspace 100008
24 1719321829420253993 1719321829430279386 Kernel 1719321829420253993 1719321829430392759 Userspace 113373
48 1719321829449588786 1719321829459611354 Kernel 1719321829449588786 1719321829459659194 Userspace 47840
165 1719321829592708884 1719321829602735048 Kernel 1719321829592708884 1719321829602872537 Userspace 137489
451 1719321829943391617 1719321829953412902 Kernel 1719321829943391617 1719321829953536725 Userspace 123823
441 1719321829931297312 1719321829941335108 Kernel 1719321829931297312 1719321829941477756 Userspace 142648
365 1719321829838448198 1719321829848467509 Kernel 1719321829838448198 1719321829848597454 Userspace 129945
172 1719321829601152100 1719321829611181620 Kernel 1719321829601152100 1719321829611272321 Userspace 90701
133 1719321829553811359 1719321829563839477 Kernel 1719321829553811359 1719321829563943182 Userspace 103705
179 1719321829609698620 1719321829619722409 Kernel 1719321829609698620 1719321829619805546 Userspace 83137
256 1719321829704003543 1719321829714032061 Kernel 1719321829704003543 1719321829714115268 Userspace 83207
70 1719321829476647937 1719321829486673000 Kernel 1719321829476647937 1719321829486779049 Userspace 106049
110 1719321829525600220 1719321829535623990 Kernel 1719321829525600220 1719321829535683852 Userspace 59862
334 1719321829800523113 1719321829810544537 Kernel 1719321829800523113 1719321829810611714 Userspace 67177
396 1719321829876309553 1719321829886335397 Kernel 1719321829876309553 1719321829886458669 Userspace 123272
61 1719321829465311639 1719321829475336730 Kernel 1719321829465311639 1719321829475398988 Userspace 62258
145 1719321829568414805 1719321829578444145 Kernel 1719321829568414805 1719321829578544394 Userspace 100249
167 1719321829594915325 1719321829604947000 Kernel 1719321829594915325 1719321829605043131 Userspace 96131
117 1719321829534077320 1719321829544110998 Kernel 1719321829534077320 1719321829544260509 Userspace 149511
379 1719321829855445679 1719321829865467664 Kernel 1719321829855445679 1719321829865553195 Userspace 85531
72 1719321829478897670 1719321829488928163 Kernel 1719321829478897670 1719321829489007101 Userspace 78938
225 1719321829666086403 1719321829676111414 Kernel 1719321829666086403 1719321829676198859 Userspace 87445
285 1719321829740637679 1719321829750665757 Kernel 1719321829740637679 1719321829750776305 Userspace 110548
8 1719321829400506780 1719321829410536871 Kernel 1719321829400506780 1719321829410655875 Userspace 119004
410 1719321829893484177 1719321829903504049 Kernel 1719321829893484177 1719321829903596674 Userspace 92625
81 1719321829490225293 1719321829500263049 Kernel 1719321829490225293 1719321829500377434 Userspace 114385
126 1719321829545370618 1719321829555396882 Kernel 1719321829545370618 1719321829555459831 Userspace 62949
319 1719321829781879244 1719321829791908124 Kernel 1719321829781879244 1719321829792009224 Userspace 101100
471 1719321829967933152 1719321829977964134 Kernel 1719321829967933152 1719321829978057450 Userspace 93316
99 1719321829512088378 1719321829522115534 Kernel 1719321829512088378 1719321829522257551 Userspace 142017
150 1719321829574601866 1719321829584628831 Kernel 1719321829574601866 1719321829584740712 Userspace 111881
433 1719321829921311553 1719321829931341605 Kernel 1719321829921311553 1719321829931436924 Userspace 95319
42 1719321829442243646 1719321829452269360 Kernel 1719321829442243646 1719321829452393513 Userspace 124153
84 1719321829493679753 1719321829503711838 Kernel 1719321829493679753 1719321829503815012 Userspace 103174
155 1719321829580341145 1719321829590362800 Kernel 1719321829580341145 1719321829590504316 Userspace 141516
184 1719321829615923732 1719321829625968642 Kernel 1719321829615923732 1719321829626059192 Userspace 90550
87 1719321829497489320 1719321829507511096 Kernel 1719321829497489320 1719321829507614410 Userspace 103314
196 1719321829630563026 1719321829640581485 Kernel 1719321829630563026 1719321829640689889 Userspace 108404
254 1719321829701639395 1719321829711665559 Kernel 1719321829701639395 1719321829711738767 Userspace 73208
108 1719321829523382317 1719321829533409433 Kernel 1719321829523382317 1719321829533465980 Userspace 56547
200 1719321829635705221 1719321829645732477 Kernel 1719321829635705221 1719321829645820352 Userspace 87875
237 1719321829680700118 1719321829690726963 Kernel 1719321829680700118 1719321829690847961 Userspace 120998
309 1719321829770083191 1719321829780115897 Kernel 1719321829770083191 1719321829780210885 Userspace 94988
44 1719321829444420091 1719321829454441757 Kernel 1719321829444420091 1719321829454505557 Userspace 63800
345 1719321829814146875 1719321829824179351 Kernel 1719321829814146875 1719321829824268579 Userspace 89228
484 1719321829985255723 1719321829995281006 Kernel 1719321829985255723 1719321829995381736 Userspace 100730
89 1719321829499870590 1719321829509892567 Kernel 1719321829499870590 1719321829510015087 Userspace 122520
90 1719321829501433391 1719321829511455447 Kernel 1719321829501433391 1719321829511544856 Userspace 89409
401 1719321829882513907 1719321829892539189 Kernel 1719321829882513907 1719321829892615663 Userspace 76474
98 1719321829510978129 1719321829521005065 Kernel 1719321829510978129 1719321829521096397 Userspace 91332
472 1719321829969485863 1719321829979509141 Kernel 1719321829969485863 1719321829979605903 Userspace 96762
88 1719321829498587626 1719321829508620804 Kernel 1719321829498587626 1719321829508717456 Userspace 96652
335 1719321829801676964 1719321829811712585 Kernel 1719321829801676964 1719321829811812643 Userspace 100058
352 1719321829822633894 1719321829832655780 Kernel 1719321829822633894 1719321829832740018 Userspace 84238
409 1719321829892092128 1719321829902135474 Kernel 1719321829892092128 1719321829902254458 Userspace 118984
259 1719321829707393200 1719321829717418553 Kernel 1719321829707393200 1719321829717498934 Userspace 80381
275 1719321829728231858 1719321829738261669 Kernel 1719321829728231858 1719321829738378930 Userspace 117261
385 1719321829862728982 1719321829872751930 Kernel 1719321829862728982 1719321829872891202 Userspace 139272
405 1719321829887310221 1719321829897341484 Kernel 1719321829887310221 1719321829897411616 Userspace 70132
415 1719321829899431256 1719321829909460506 Kernel 1719321829899431256 1719321829909575833 Userspace 115327
58 1719321829462028812 1719321829472060055 Kernel 1719321829462028812 1719321829472158080 Userspace 98025
113 1719321829529098041 1719321829539130117 Kernel 1719321829529098041 1719321829539264449 Userspace 134332
181 1719321829612281149 1719321829622317192 Kernel 1719321829612281149 1719321829622452676 Userspace 135484
199 1719321829634177086 1719321829644194854 Kernel 1719321829634177086 1719321829644274764 Userspace 79910
419 1719321829904397230 1719321829914423254 Kernel 1719321829904397230 1719321829914512722 Userspace 89468
116 1719321829532927216 1719321829542947930 Kernel 1719321829532927216 1719321829543025456 Userspace 77526
263 1719321829712430097 1719321829722460960 Kernel 1719321829712430097 1719321829722596996 Userspace 136036
134 1719321829554997681 1719321829565028744 Kernel 1719321829554997681 1719321829565112191 Userspace 83447
169 1719321829597716716 1719321829607737450 Kernel 1719321829597716716 1719321829607821078 Userspace 83628
272 1719321829723930084 1719321829733954505 Kernel 1719321829723930084 1719321829734061306 Userspace 106801
307 1719321829767274416 1719321829777302444 Kernel 1719321829767274416 1719321829777403083 Userspace 100639
65 1719321829470424598 1719321829480451945 Kernel 1719321829470424598 1719321829480514542 Userspace 62597
77 1719321829485128674 1719321829495164596 Kernel 1719321829485128674 1719321829495262220 Userspace 97624
95 1719321829507165155 1719321829517194525 Kernel 1719321829507165155 1719321829517283262 Userspace 88737
103 1719321829517175349 1719321829527197726 Kernel 1719321829517175349 1719321829527262247 Userspace 64521
431 1719321829919056260 1719321829929090910 Kernel 1719321829919056260 1719321829929248226 Userspace 157316
143 1719321829565629635 1719321829575658865 Kernel 1719321829565629635 1719321829575775905 Userspace 117040
217 1719321829656120171 1719321829666151275 Kernel 1719321829656120171 1719321829666274667 Userspace 123392
311 1719321829772315932 1719321829782346473 Kernel 1719321829772315932 1719321829782487459 Userspace 140986
358 1719321829830034167 1719321829840059860 Kernel 1719321829830034167 1719321829840157073 Userspace 97213
190 1719321829623173593 1719321829633204847 Kernel 1719321829623173593 1719321829633296419 Userspace 91572
298 1719321829756531283 1719321829766550404 Kernel 1719321829756531283 1719321829766691890 Userspace 141486
481 1719321829981376214 1719321829991406045 Kernel 1719321829981376214 1719321829991558302 Userspace 152257
486 1719321829987594804 1719321829997625587 Kernel 1719321829987594804 1719321829997737107 Userspace 111520
43 1719321829443382349 1719321829453399376 Kernel 1719321829443382349 1719321829453518480 Userspace 119104
282 1719321829736672779 1719321829746700296 Kernel 1719321829736672779 1719321829746853705 Userspace 153409
412 1719321829895977468 1719321829906014533 Kernel 1719321829895977468 1719321829906128657 Userspace 114124
246 1719321829691685367 1719321829701709226 Kernel 1719321829691685367 1719321829701836235 Userspace 127009
436 1719321829925288436 1719321829935308589 Kernel 1719321829925288436 1719321829935398759 Userspace 90170
411 1719321829894575149 1719321829904600663 Kernel 1719321829894575149 1719321829904699839 Userspace 99176
36 1719321829434863752 1719321829444886779 Kernel 1719321829434863752 1719321829445004471 Userspace 117692
166 1719321829593824223 1719321829603843414 Kernel 1719321829593824223 1719321829603912924 Userspace 69510
258 1719321829706280587 1719321829716303816 Kernel 1719321829706280587 1719321829716362707 Userspace 58891
348 1719321829817535050 1719321829827555594 Kernel 1719321829817535050 1719321829827615707 Userspace 60113
343 1719321829811291803 1719321829821313980 Kernel 1719321829811291803 1719321829821399241 Userspace 85261
235 1719321829678129642 1719321829688151067 Kernel 1719321829678129642 1719321829688251676 Userspace 100609
244 1719321829689310258 1719321829699337944 Kernel 1719321829689310258 1719321829699416342 Userspace 78398
317 1719321829779652485 1719321829789681865 Kernel 1719321829779652485 1719321829789790269 Userspace 108404
406 1719321829888685429 1719321829898716862 Kernel 1719321829888685429 1719321829898837850 Userspace 120988
440 1719321829930102975 1719321829940122607 Kernel 1719321829930102975 1719321829940246359 Userspace 123752
491 1719321829993682358 1719321830003710375 Kernel 1719321829993682358 1719321830003833136 Userspace 122761
57 1719321829460879911 1719321829470907707 Kernel 1719321829460879911 1719321829471010701 Userspace 102994
123 1719321829541419634 1719321829551458583 Kernel 1719321829541419634 1719321829551569922 Userspace 111339
151 1719321829575707587 1719321829585726146 Kernel 1719321829575707587 1719321829585814713 Userspace 88567
188 1719321829620994874 1719321829631016499 Kernel 1719321829620994874 1719321829631129372 Userspace 112873
64 1719321829469392116 1719321829479422558 Kernel 1719321829469392116 1719321829479497709 Userspace 75151
147 1719321829570737706 1719321829580763630 Kernel 1719321829570737706 1719321829580886260 Userspace 122630
187 1719321829619579781 1719321829629602990 Kernel 1719321829619579781 1719321829629695915 Userspace 92925
189 1719321829622097378 1719321829632117160 Kernel 1719321829622097378 1719321829632210706 Userspace 93546
109 1719321829524490031 1719321829534528940 Kernel 1719321829524490031 1719321829534640910 Userspace 111970
135 1719321829556107439 1719321829566132541 Kernel 1719321829556107439 1719321829566226428 Userspace 93887
417 1719321829901919588 1719321829911946343 Kernel 1719321829901919588 1719321829912035070 Userspace 88727
427 1719321829914006810 1719321829924032212 Kernel 1719321829914006810 1719321829924168098 Userspace 135886
173 1719321829602272298 1719321829612301467 Kernel 1719321829602272298 1719321829612443715 Userspace 142248
414 1719321829898320727 1719321829908355758 Kernel 1719321829898320727 1719321829908428354 Userspace 72596
308 1719321829768956611 1719321829778988896 Kernel 1719321829768956611 1719321829779135071 Userspace 146175
494 1719321829997091322 1719321830007110953 Kernel 1719321829997091322 1719321830007246448 Userspace 135495
20 1719321829415165910 1719321829425192906 Kernel 1719321829415165910 1719321829425341776 Userspace 148870
207 1719321829644134841 1719321829654160314 Kernel 1719321829644134841 1719321829654279187 Userspace 118873
269 1719321829719767753 1719321829729799427 Kernel 1719321829719767753 1719321829729905827 Userspace 106400
304 1719321829763852467 1719321829773879513 Kernel 1719321829763852467 1719321829773988048 Userspace 108535
1 1719321829391983112 1719321829402007563 Kernel 1719321829391983112 1719321829402067887 Userspace 60324
82 1719321829491319682 1719321829501343672 Kernel 1719321829491319682 1719321829501442448 Userspace 98776
277 1719321829730458056 1719321829740479412 Kernel 1719321829730458056 1719321829740591202 Userspace 111790
420 1719321829905621513 1719321829915644802 Kernel 1719321829905621513 1719321829915731886 Userspace 87084
102 1719321829516068617 1719321829526089531 Kernel 1719321829516068617 1719321829526196893 Userspace 107362
224 1719321829664978669 1719321829675000915 Kernel 1719321829664978669 1719321829675093880 Userspace 92965
306 1719321829766153096 1719321829776175443 Kernel 1719321829766153096 1719321829776282144 Userspace 106701
395 1719321829875194846 1719321829885228965 Kernel 1719321829875194846 1719321829885379398 Userspace 150433
124 1719321829542609142 1719321829552636319 Kernel 1719321829542609142 1719321829552728773 Userspace 92454
183 1719321829614807091 1719321829624827374 Kernel 1719321829614807091 1719321829624958481 Userspace 131107
273 1719321829725953952 1719321829735983953 Kernel 1719321829725953952 1719321829736092297 Userspace 108344
105 1719321829519371802 1719321829529397174 Kernel 1719321829519371802 1719321829529495429 Userspace 98255
154 1719321829579212742 1719321829589241971 Kernel 1719321829579212742 1719321829589342250 Userspace 100279
159 1719321829585410913 1719321829595434402 Kernel 1719321829585410913 1719321829595534991 Userspace 100589
262 1719321829711319017 1719321829721342817 Kernel 1719321829711319017 1719321829721437385 Userspace 94568
210 1719321829647692234 1719321829657712858 Kernel 1719321829647692234 1719321829657782289 Userspace 69431
372 1719321829846899128 1719321829856921906 Kernel 1719321829846899128 1719321829856996687 Userspace 74781
416 1719321829900814619 1719321829910844811 Kernel 1719321829900814619 1719321829910914893 Userspace 70082
455 1719321829948511450 1719321829958537343 Kernel 1719321829948511450 1719321829958642541 Userspace 105198
46 1719321829446625691 1719321829456644842 Kernel 1719321829446625691 1719321829456762924 Userspace 118082
71 1719321829477739141 1719321829487763542 Kernel 1719321829477739141 1719321829487848802 Userspace 85260
74 1719321829481778170 1719321829491805126 Kernel 1719321829481778170 1719321829491883092 Userspace 77966
97 1719321829509871247 1719321829519904134 Kernel 1719321829509871247 1719321829520015283 Userspace 111149
466 1719321829962083696 1719321829972104600 Kernel 1719321829962083696 1719321829972177988 Userspace 73388
208 1719321829645357822 1719321829655388865 Kernel 1719321829645357822 1719321829655914514 Userspace 525649
300 1719321829758794311 1719321829768818581 Kernel 1719321829758794311 1719321829768923669 Userspace 105088
480 1719321829980157150 1719321829990185839 Kernel 1719321829980157150 1719321829990260400 Userspace 74561
146 1719321829569621215 1719321829579648051 Kernel 1719321829569621215 1719321829579733411 Userspace 85360
163 1719321829590395802 1719321829600427777 Kernel 1719321829590395802 1719321829600552452 Userspace 124675
327 1719321829792094134 1719321829802127081 Kernel 1719321829792094134 1719321829802219955 Userspace 92874
444 1719321829934909418 1719321829944934931 Kernel 1719321829934909418 1719321829945054055 Userspace 119124
209 1719321829646464965 1719321829656491219 Kernel 1719321829646464965 1719321829656564357 Userspace 73138
241 1719321829685438363 1719321829695465368 Kernel 1719321829685438363 1719321829695602116 Userspace 136748
342 1719321829810187726 1719321829820216776 Kernel 1719321829810187726 1719321829820281778 Userspace 65002
495 1719321829998207172 1719321830008225571 Kernel 1719321829998207172 1719321830008359272 Userspace 133701
45 1719321829445531563 1719321829455553088 Kernel 1719321829445531563 1719321829455691448 Userspace 138360
56 1719321829459188909 1719321829469220513 Kernel 1719321829459188909 1719321829469303900 Userspace 83387
430 1719321829917949929 1719321829927981263 Kernel 1719321829917949929 1719321829928090538 Userspace 109275
456 1719321829949644501 1719321829959681015 Kernel 1719321829949644501 1719321829959754143 Userspace 73128
15 1719321829408933144 1719321829418957314 Kernel 1719321829408933144 1719321829419064064 Userspace 106750
55 1719321829457962982 1719321829467991380 Kernel 1719321829457962982 1719321829468092090 Userspace 100710
303 1719321829762740706 1719321829772768503 Kernel 1719321829762740706 1719321829772852040 Userspace 83537
312 1719321829773467829 1719321829783497910 Kernel 1719321829773467829 1719321829783589672 Userspace 91762
171 1719321829600045728 1719321829610067003 Kernel 1719321829600045728 1719321829610160990 Userspace 93987
238 1719321829682024510 1719321829692044613 Kernel 1719321829682024510 1719321829692143549 Userspace 98936
313 1719321829774562528 1719321829784585486 Kernel 1719321829774562528 1719321829784679393 Userspace 93907
320 1719321829783620100 1719321829793640954 Kernel 1719321829783620100 1719321829793699975 Userspace 59021
432 1719321829920203208 1719321829930222910 Kernel 1719321829920203208 1719321829930302470 Userspace 79560
438 1719321829927565180 1719321829937582738 Kernel 1719321829927565180 1719321829937700810 Userspace 118072
498 1719321830002180858 1719321830012208915 Kernel 1719321830002180858 1719321830012299005 Userspace 90090
39 1719321829438220307 1719321829448243735 Kernel 1719321829438220307 1719321829448339496 Userspace 95761
76 1719321829484013806 1719321829494036955 Kernel 1719321829484013806 1719321829494153063 Userspace 116108
221 1719321829661042763 1719321829671064949 Kernel 1719321829661042763 1719321829671154939 Userspace 89990
299 1719321829757681186 1719321829767709274 Kernel 1719321829757681186 1719321829767786119 Userspace 76845
96 1719321829508760918 1719321829518784397 Kernel 1719321829508760918 1719321829518841715 Userspace 57318
371 1719321829845782838 1719321829855816436 Kernel 1719321829845782838 1719321829855903740 Userspace 87304
487 1719321829988689214 1719321829998709056 Kernel 1719321829988689214 1719321829998816578 Userspace 107522
460 1719321829954763403 1719321829964784798 Kernel 1719321829954763403 1719321829964875128 Userspace 90330
469 1719321829965443107 1719321829975466886 Kernel 1719321829965443107 1719321829975599335 Userspace 132449
2 1719321829393109101 1719321829403136006 Kernel 1719321829393109101 1719321829403273876 Userspace 137870
101 1719321829514476171 1719321829524499730 Kernel 1719321829514476171 1719321829524602603 Userspace 102873
233 1719321829675749123 1719321829685776399 Kernel 1719321829675749123 1719321829685869103 Userspace 92704
459 1719321829953321269 1719321829963352002 Kernel 1719321829953321269 1719321829963476927 Userspace 124925
243 1719321829688046660 1719321829698070209 Kernel 1719321829688046660 1719321829698167673 Userspace 97464
239 1719321829683158263 1719321829693181211 Kernel 1719321829683158263 1719321829693264768 Userspace 83557
295 1719321829752465002 1719321829762508268 Kernel 1719321829752465002 1719321829762626320 Userspace 118052
316 1719321829778528791 1719321829788550777 Kernel 1719321829778528791 1719321829788656536 Userspace 105759
330 1719321829795423688 1719321829805445204 Kernel 1719321829795423688 1719321829805559008 Userspace 113804
30 1719321829427541715 1719321829437569753 Kernel 1719321829427541715 1719321829437678257 Userspace 108504
83 1719321829492565506 1719321829502602931 Kernel 1719321829492565506 1719321829502672182 Userspace 69251
164 1719321829591607692 1719321829601635229 Kernel 1719321829591607692 1719321829601717233 Userspace 82004
232 1719321829674642360 1719321829684665409 Kernel 1719321829674642360 1719321829684775676 Userspace 110267
413 1719321829897101813 1719321829907138568 Kernel 1719321829897101813 1719321829907220041 Userspace 81473
424 1719321829910588950 1719321829920611246 Kernel 1719321829910588950 1719321829920680506 Userspace 69260
475 1719321829972826679 1719321829982857922 Kernel 1719321829972826679 1719321829982957950 Userspace 100028
333 1719321829799419506 1719321829809459736 Kernel 1719321829799419506 1719321829809557711 Userspace 97975
362 1719321829834882679 1719321829844903513 Kernel 1719321829834882679 1719321829845029350 Userspace 125837
366 1719321829839548027 1719321829849573730 Kernel 1719321829839548027 1719321829849703655 Userspace 129925
391 1719321829870102705 1719321829880136404 Kernel 1719321829870102705 1719321829880261028 Userspace 124624
18 1719321829412955291 1719321829422978750 Kernel 1719321829412955291 1719321829423075231 Userspace 96481
92 1719321829503644301 1719321829513670004 Kernel 1719321829503644301 1719321829513732051 Userspace 62047
106 1719321829520680114 1719321829530714052 Kernel 1719321829520680114 1719321829530798411 Userspace 84359
231 1719321829673391096 1719321829683417972 Kernel 1719321829673391096 1719321829683524382 Userspace 106410
205 1719321829641517296 1719321829651542829 Kernel 1719321829641517296 1719321829651606258 Userspace 63429
454 1719321829947491891 1719321829957511122 Kernel 1719321829947491891 1719321829957601523 Userspace 90401
458 1719321829952218214 1719321829962245821 Kernel 1719321829952218214 1719321829962318177 Userspace 72356
52 1719321829454670097 1719321829464708534 Kernel 1719321829454670097 1719321829464779928 Userspace 71394
62 1719321829467120522 1719321829477158007 Kernel 1719321829467120522 1719321829477283583 Userspace 125576
492 1719321829994844044 1719321830004862212 Kernel 1719321829994844044 1719321830004970416 Userspace 108204
136 1719321829557235802 1719321829567258730 Kernel 1719321829557235802 1719321829567377153 Userspace 118423
274 1719321829727083367 1719321829737103610 Kernel 1719321829727083367 1719321829737213998 Userspace 110388
347 1719321829816438958 1719321829826460704 Kernel 1719321829816438958 1719321829826593163 Userspace 132459
482 1719321829982493446 1719321829992521985 Kernel 1719321829982493446 1719321829992581858 Userspace 59873
257 1719321829705104935 1719321829715129546 Kernel 1719321829705104935 1719321829715277865 Userspace 148319
301 1719321829759917534 1719321829769961652 Kernel 1719321829759917534 1719321829770088380 Userspace 126728
310 1719321829771210432 1719321829781237206 Kernel 1719321829771210432 1719321829781352844 Userspace 115638
423 1719321829909233159 1719321829919260925 Kernel 1719321829909233159 1719321829919405237 Userspace 144312
314 1719321829776293866 1719321829786319839 Kernel 1719321829776293866 1719321829786378850 Userspace 59011
394 1719321829874076171 1719321829884099821 Kernel 1719321829874076171 1719321829884159713 Userspace 59892
465 1719321829960643336 1719321829970662266 Kernel 1719321829960643336 1719321829970791099 Userspace 128833
264 1719321829713557689 1719321829723589343 Kernel 1719321829713557689 1719321829723683741 Userspace 94398
473 1719321829970620718 1719321829980641412 Kernel 1719321829970620718 1719321829981036876 Userspace 395464
122 1719321829540299006 1719321829550328056 Kernel 1719321829540299006 1719321829550497144 Userspace 169088
142 1719321829564518574 1719321829574545881 Kernel 1719321829564518574 1719321829574655237 Userspace 109356
245 1719321829690450173 1719321829700477168 Kernel 1719321829690450173 1719321829700611000 Userspace 133832
336 1719321829802783165 1719321829812818165 Kernel 1719321829802783165 1719321829812923634 Userspace 105469
141 1719321829563443892 1719321829573467702 Kernel 1719321829563443892 1719321829573578240 Userspace 110538
229 1719321829670776757 1719321829680800266 Kernel 1719321829670776757 1719321829680900285 Userspace 100019
375 1719321829850625620 1719321829860653998 Kernel 1719321829850625620 1719321829860765137 Userspace 111139
447 1719321829938724626 1719321829948745831 Kernel 1719321829938724626 1719321829948840048 Userspace 94217
11 1719321829404581877 1719321829414605496 Kernel 1719321829404581877 1719321829414680467 Userspace 74971
32 1719321829429826213 1719321829439853780 Kernel 1719321829429826213 1719321829439928561 Userspace 74781
161 1719321829587660716 1719321829597685788 Kernel 1719321829587660716 1719321829597794052 Userspace 108264
198 1719321829633081665 1719321829643110604 Kernel 1719321829633081665 1719321829643205532 Userspace 94928
477 1719321829975188602 1719321829985207232 Kernel 1719321829975188602 1719321829985313011 Userspace 105779
115 1719321829531808761 1719321829541836028 Kernel 1719321829531808761 1719321829541928432 Userspace 92404
120 1719321829537991404 1719321829548016977 Kernel 1719321829537991404 1719321829548098130 Userspace 81153
387 1719321829865276064 1719321829875309712 Kernel 1719321829865276064 1719321829875442081 Userspace 132369
434 1719321829922770388 1719321829932791613 Kernel 1719321829922770388 1719321829932883256 Userspace 91643
5 1719321829397137671 1719321829407169756 Kernel 1719321829397137671 1719321829407224539 Userspace 54783
476 1719321829974116776 1719321829984135115 Kernel 1719321829974116776 1719321829984236696 Userspace 101581
19 1719321829414070589 1719321829424090892 Kernel 1719321829414070589 1719321829424198465 Userspace 107573
26 1719321829422472558 1719321829432503040 Kernel 1719321829422472558 1719321829432634227 Userspace 131187
153 1719321829578078067 1719321829588101666 Kernel 1719321829578078067 1719321829588203607 Userspace 101941
251 1719321829697776897 1719321829707805326 Kernel 1719321829697776897 1719321829707939578 Userspace 134252
162 1719321829589268922 1719321829599290397 Kernel 1719321829589268922 1719321829599408750 Userspace 118353
185 1719321829617005117 1719321829627036501 Kernel 1719321829617005117 1719321829627125048 Userspace 88547
202 1719321829637931590 1719321829647964106 Kernel 1719321829637931590 1719321829648039798 Userspace 75692
268 1719321829718638458 1719321829728669601 Kernel 1719321829718638458 1719321829728731518 Userspace 61917
349 1719321829818648124 1719321829828683135 Kernel 1719321829818648124 1719321829828825553 Userspace 142418
353 1719321829823774670 1719321829833806274 Kernel 1719321829823774670 1719321829833915370 Userspace 109096
367 1719321829840636565 1719321829850654324 Kernel 1719321829840636565 1719321829850827099 Userspace 172775
121 1719321829539119326 1719321829549160308 Kernel 1719321829539119326 1719321829549290764 Userspace 130456
130 1719321829549952449 1719321829559983422 Kernel 1719321829549952449 1719321829560070505 Userspace 87083
222 1719321829662322621 1719321829672345218 Kernel 1719321829662322621 1719321829672444555 Userspace 99337
328 1719321829793189965 1719321829803213485 Kernel 1719321829793189965 1719321829803647872 Userspace 434387
38 1719321829437116099 1719321829447137564 Kernel 1719321829437116099 1719321829447271426 Userspace 133862
132 1719321829552737449 1719321829562768822 Kernel 1719321829552737449 1719321829562827493 Userspace 58671
216 1719321829654994133 1719321829665015117 Kernel 1719321829654994133 1719321829665074459 Userspace 59342
276 1719321829729341385 1719321829739371186 Kernel 1719321829729341385 1719321829739443823 Userspace 72637
40 1719321829439320988 1719321829449343926 Kernel 1719321829439320988 1719321829449443803 Userspace 99877
114 1719321829530705075 1719321829540740717 Kernel 1719321829530705075 1719321829540878586 Userspace 137869
213 1719321829651460103 1719321829661483993 Kernel 1719321829651460103 1719321829661593940 Userspace 109947
21 1719321829416316485 1719321829426337980 Kernel 1719321829416316485 1719321829426397613 Userspace 59633
138 1719321829559980286 1719321829570010548 Kernel 1719321829559980286 1719321829570091600 Userspace 81052
107 1719321829521791214 1719321829531827046 Kernel 1719321829521791214 1719321829531918748 Userspace 91702
260 1719321829708990095 1719321829719012202 Kernel 1719321829708990095 1719321829719078056 Userspace 65854
302 1719321829761629415 1719321829771650660 Kernel 1719321829761629415 1719321829771736131 Userspace 85471
339 1719321829806740210 1719321829816764591 Kernel 1719321829806740210 1719321829816909072 Userspace 144481
6 1719321829398270041 1719321829408302517 Kernel 1719321829398270041 1719321829408430698 Userspace 128181
252 1719321829699019686 1719321829709055999 Kernel 1719321829699019686 1719321829709136751 Userspace 80752
485 1719321829986359430 1719321829996379323 Kernel 1719321829986359430 1719321829996490251 Userspace 110928
383 1719321829860462217 1719321829870495695 Kernel 1719321829860462217 1719321829870593118 Userspace 97423
429 1719321829916563881 1719321829926594553 Kernel 1719321829916563881 1719321829926688240 Userspace 93687
139 1719321829561097778 1719321829571132649 Kernel 1719321829561097778 1719321829571241924 Userspace 109275
266 1719321829716364159 1719321829726392858 Kernel 1719321829716364159 1719321829726492676 Userspace 99818
322 1719321829785851508 1719321829795878384 Kernel 1719321829785851508 1719321829796001756 Userspace 123372
356 1719321829827590129 1719321829837617735 Kernel 1719321829827590129 1719321829837727852 Userspace 110117
91 1719321829502544702 1719321829512576276 Kernel 1719321829502544702 1719321829512704327 Userspace 128051
270 1719321829720900845 1719321829730940815 Kernel 1719321829720900845 1719321829731056853 Userspace 116038
284 1719321829739527841 1719321829749550960 Kernel 1719321829739527841 1719321829749627434 Userspace 76474
488 1719321829989808610 1719321829999840505 Kernel 1719321829989808610 1719321829999957284 Userspace 116779
0 1719321829390842446 1719321829400896813 Kernel 1719321829390842446 1719321829401120975 Userspace 224162
149 1719321829572939448 1719321829582965893 Kernel 1719321829572939448 1719321829583052225 Userspace 86332
324 1719321829788076615 1719321829798108079 Kernel 1719321829788076615 1719321829798185184 Userspace 77105
374 1719321829849516753 1719321829859540232 Kernel 1719321829849516753 1719321829859610455 Userspace 70223
426 1719321829912901951 1719321829922923997 Kernel 1719321829912901951 1719321829922981445 Userspace 57448
226 1719321829667255302 1719321829677290753 Kernel 1719321829667255302 1719321829677373158 Userspace 82405
331 1719321829796526463 1719321829806556745 Kernel 1719321829796526463 1719321829806672212 Userspace 115467
359 1719321829831143204 1719321829841167905 Kernel 1719321829831143204 1719321829841304402 Userspace 136497
428 1719321829915455245 1719321829925484244 Kernel 1719321829915455245 1719321829925536112 Userspace 51868
296 1719321829754217449 1719321829764246870 Kernel 1719321829754217449 1719321829764365883 Userspace 119013
318 1719321829780783463 1719321829790818043 Kernel 1719321829780783463 1719321829790923621 Userspace 105578
340 1719321829807928866 1719321829817958637 Kernel 1719321829807928866 1719321829818054678 Userspace 96041
393 1719321829872655969 1719321829882689046 Kernel 1719321829872655969 1719321829882786880 Userspace 97834
79 1719321829487971793 1719321829498003267 Kernel 1719321829487971793 1719321829498081955 Userspace 78688
93 1719321829504737748 1719321829514764213 Kernel 1719321829504737748 1719321829514848962 Userspace 84749
250 1719321829696663563 1719321829706683806 Kernel 1719321829696663563 1719321829706794995 Userspace 111189
376 1719321829852071109 1719321829862092344 Kernel 1719321829852071109 1719321829862210156 Userspace 117812
53 1719321829455781488 1719321829465816348 Kernel 1719321829455781488 1719321829465916186 Userspace 99838
384 1719321829861621027 1719321829871641801 Kernel 1719321829861621027 1719321829871730037 Userspace 88236
404 1719321829886218477 1719321829896237207 Kernel 1719321829886218477 1719321829896335832 Userspace 98625
445 1719321829936024696 1719321829946102808 Kernel 1719321829936024696 1719321829946235347 Userspace 132539
377 1719321829853182370 1719321829863207672 Kernel 1719321829853182370 1719321829863297151 Userspace 89479
400 1719321829881440217 1719321829891462323 Kernel 1719321829881440217 1719321829891517116 Userspace 54793
474 1719321829971720417 1719321829981743665 Kernel 1719321829971720417 1719321829981825910 Userspace 82245
478 1719321829977061025 1719321829987094082 Kernel 1719321829977061025 1719321829987172911 Userspace 78829
13 1719321829406782918 1719321829416810434 Kernel 1719321829406782918 1719321829416883652 Userspace 73218
195 1719321829629462846 1719321829639503658 Kernel 1719321829629462846 1719321829639598827 Userspace 95169
290 1719321829746861810 1719321829756886150 Kernel 1719321829746861810 1719321829756967353 Userspace 81203
497 1719321830001015946 1719321830011035728 Kernel 1719321830001015946 1719321830011182194 Userspace 146466
292 1719321829749106554 1719321829759129812 Kernel 1719321829749106554 1719321829759243165 Userspace 113353
360 1719321829832240969 1719321829842267694 Kernel 1719321829832240969 1719321829842394352 Userspace 126658
378 1719321829854307477 1719321829864336035 Kernel 1719321829854307477 1719321829864410225 Userspace 74190
78 1719321829486349761 1719321829496370234 Kernel 1719321829486349761 1719321829496489018 Userspace 118784
180 1719321829611174156 1719321829621194549 Kernel 1719321829611174156 1719321829621294648 Userspace 100099
248 1719321829694273055 1719321829704306984 Kernel 1719321829694273055 1719321829704397604 Userspace 90620
291 1719321829747959986 1719321829757997321 Kernel 1719321829747959986 1719321829758111997 Userspace 114676
16 1719321829410023215 1719321829420049659 Kernel 1719321829410023215 1719321829420191185 Userspace 141526
201 1719321829636802646 1719321829646833789 Kernel 1719321829636802646 1719321829646943646 Userspace 109857
452 1719321829944918240 1719321829954949773 Kernel 1719321829944918240 1719321829955011469 Userspace 61696
28 1719321829424749762 1719321829434768963 Kernel 1719321829424749762 1719321829434893708 Userspace 124745
67 1719321829472651017 1719321829482682161 Kernel 1719321829472651017 1719321829482736323 Userspace 54162
437 1719321829926398064 1719321829936438425 Kernel 1719321829926398064 1719321829936767895 Userspace 329470
25 1719321829421365455 1719321829431389605 Kernel 1719321829421365455 1719321829431450239 Userspace 60634
111 1719321829526710770 1719321829536741142 Kernel 1719321829526710770 1719321829536851499 Userspace 110357
288 1719321829744009654 1719321829754031620 Kernel 1719321829744009654 1719321829754154591 Userspace 122971
425 1719321829911705560 1719321829921740961 Kernel 1719321829911705560 1719321829921890152 Userspace 149191
7 1719321829399400849 1719321829409437653 Kernel 1719321829399400849 1719321829409582576 Userspace 144923
59 1719321829463090349 1719321829473116463 Kernel 1719321829463090349 1719321829473234976 Userspace 118513
351 1719321829821394672 1719321829831418312 Kernel 1719321829821394672 1719321829831523199 Userspace 104887
228 1719321829669668933 1719321829679696159 Kernel 1719321829669668933 1719321829679771250 Userspace 75091
381 1719321829857964688 1719321829867992555 Kernel 1719321829857964688 1719321829868141305 Userspace 148750
23 1719321829419127303 1719321829429149941 Kernel 1719321829419127303 1719321829429226826 Userspace 76885
73 1719321829480642904 1719321829490683696 Kernel 1719321829480642904 1719321829490846963 Userspace 163267
125 1719321829543756351 1719321829553789999 Kernel 1719321829543756351 1719321829553896770 Userspace 106771
128 1719321829547632945 1719321829557662475 Kernel 1719321829547632945 1719321829557765929 Userspace 103454
271 1719321829722033436 1719321829732076942 Kernel 1719321829722033436 1719321829732163726 Userspace 86784
47 1719321829448437570 1719321829458458495 Kernel 1719321829448437570 1719321829458575755 Userspace 117260
157 1719321829583008814 1719321829593027403 Kernel 1719321829583008814 1719321829593128904 Userspace 101501
204 1719321829640383142 1719321829650410909 Kernel 1719321829640383142 1719321829650503964 Userspace 93055
211 1719321829648798405 1719321829658821183 Kernel 1719321829648798405 1719321829658905722 Userspace 84539
346 1719321829815314302 1719321829825351647 Kernel 1719321829815314302 1719321829825473286 Userspace 121639
66 1719321829471535639 1719321829481559769 Kernel 1719321829471535639 1719321829481766929 Userspace 207160
168 1719321829596613961 1719321829606639755 Kernel 1719321829596613961 1719321829606733962 Userspace 94207
223 1719321829663440264 1719321829673464795 Kernel 1719321829663440264 1719321829673565624 Userspace 100829
280 1719321829734441962 1719321829744470160 Kernel 1719321829734441962 1719321829744591218 Userspace 121058
392 1719321829871549537 1719321829881573578 Kernel 1719321829871549537 1719321829881648188 Userspace 74610
446 1719321829937604539 1719321829947628979 Kernel 1719321829937604539 1719321829947734007 Userspace 105028
496 1719321829999910516 1719321830009940988 Kernel 1719321829999910516 1719321830010024896 Userspace 83908
112 1719321829527995647 1719321829538022182 Kernel 1719321829527995647 1719321829538096271 Userspace 74089
129 1719321829548756789 1719321829558794885 Kernel 1719321829548756789 1719321829558911825 Userspace 116940
192 1719321829625789465 1719321829635820428 Kernel 1719321829625789465 1719321829635903925 Userspace 83497
323 1719321829786950696 1719321829796975037 Kernel 1719321829786950696 1719321829797087899 Userspace 112862
51 1719321829452960190 1719321829462983318 Kernel 1719321829452960190 1719321829463091011 Userspace 107693
104 1719321829518280649 1719321829528306863 Kernel 1719321829518280649 1719321829528443780 Userspace 136917
388 1719321829866702488 1719321829876731327 Kernel 1719321829866702488 1719321829876794536 Userspace 63209
27 1719321829423655583 1719321829433689102 Kernel 1719321829423655583 1719321829433821160 Userspace 132058
220 1719321829659937313 1719321829669969198 Kernel 1719321829659937313 1719321829670063726 Userspace 94528
17 1719321829411846314 1719321829421864243 Kernel 1719321829411846314 1719321829422309130 Userspace 444887
34 1719321829432068613 1719321829442093364 Kernel 1719321829432068613 1719321829442184285 Userspace 90921
453 1719321829946031815 1719321829956061755 Kernel 1719321829946031815 1719321829956164599 Userspace 102844
463 1719321829958078059 1719321829968101959 Kernel 1719321829958078059 1719321829968280385 Userspace 178426
493 1719321829995964983 1719321830005993551 Kernel 1719321829995964983 1719321830006073752 Userspace 80201
3 1719321829394211204 1719321829404242959 Kernel 1719321829394211204 1719321829404324753 Userspace 81794
100 1719321829513389887 1719321829523417594 Kernel 1719321829513389887 1719321829523479741 Userspace 62147
283 1719321829737764443 1719321829747791099 Kernel 1719321829737764443 1719321829747889454 Userspace 98355
357 1719321829828685690 1719321829838714459 Kernel 1719321829828685690 1719321829838805239 Userspace 90780
321 1719321829784718546 1719321829794744540 Kernel 1719321829784718546 1719321829794857633 Userspace 113093
398 1719321829878864581 1719321829888885064 Kernel 1719321829878864581 1719321829888953293 Userspace 68229
449 1719321829941190786 1719321829951221128 Kernel 1719321829941190786 1719321829951386038 Userspace 164910
176 1719321829606330704 1719321829616351527 Kernel 1719321829606330704 1719321829616412592 Userspace 61065
215 1719321829653731377 1719321829663755307 Kernel 1719321829653731377 1719321829663855275 Userspace 99968
236 1719321829679594568 1719321829689619339 Kernel 1719321829679594568 1719321829689732522 Userspace 113183
281 1719321829735554185 1719321829745576382 Kernel 1719321829735554185 1719321829745691548 Userspace 115166
144 1719321829567302032 1719321829577330851 Kernel 1719321829567302032 1719321829577441579 Userspace 110728
177 1719321829607454157 1719321829617486332 Kernel 1719321829607454157 1719321829617709081 Userspace 222749
35 1719321829433761668 1719321829443786639 Kernel 1719321829433761668 1719321829443848836 Userspace 62197
69 1719321829475557335 1719321829485579562 Kernel 1719321829475557335 1719321829485705139 Userspace 125577
483 1719321829983586673 1719321829993605313 Kernel 1719321829983586673 1719321829993676708 Userspace 71395
369 1719321829843300147 1719321829853323125 Kernel 1719321829843300147 1719321829853460824 Userspace 137699
421 1719321829906709771 1719321829916739221 Kernel 1719321829906709771 1719321829916839790 Userspace 100569
54 1719321829456903198 1719321829466938239 Kernel 1719321829456903198 1719321829467008732 Userspace 70493
160 1719321829586544886 1719321829596566903 Kernel 1719321829586544886 1719321829596677020 Userspace 110117
294 1719321829751355935 1719321829761378172 Kernel 1719321829751355935 1719321829761430871 Userspace 52699
338 1719321829805602850 1719321829815633943 Kernel 1719321829805602850 1719321829815730114 Userspace 96171
448 1719321829940025163 1719321829950055885 Kernel 1719321829940025163 1719321829950138912 Userspace 83027
175 1719321829604987516 1719321829615008600 Kernel 1719321829604987516 1719321829615149866 Userspace 141266
230 1719321829672262713 1719321829682293296 Kernel 1719321829672262713 1719321829682376332 Userspace 83036
278 1719321829732157334 1719321829742186554 Kernel 1719321829732157334 1719321829742285600 Userspace 99046
326 1719321829790938890 1719321829800965906 Kernel 1719321829790938890 1719321829801038853 Userspace 72947
442 1719321829932744835 1719321829942769346 Kernel 1719321829932744835 1719321829942875456 Userspace 106110
457 1719321829950767544 1719321829960802255 Kernel 1719321829950767544 1719321829960914296 Userspace 112041
464 1719321829959540661 1719321829969568168 Kernel 1719321829959540661 1719321829969662656 Userspace 94488
4 1719321829395349406 1719321829405381050 Kernel 1719321829395349406 1719321829405499583 Userspace 118533
33 1719321829430961650 1719321829440983585 Kernel 1719321829430961650 1719321829441066281 Userspace 82696
286 1719321829741820805 1719321829751854473 Kernel 1719321829741820805 1719321829751917672 Userspace 63199
305 1719321829764993074 1719321829775024347 Kernel 1719321829764993074 1719321829775132240 Userspace 107893
